%YAML:1.0
---
lowerb: [ 15., 136., 20., 0. ]
upperb: [ 35., 255., 255., 0. ]
