%YAML:1.0
---
lowerb: [ 105., 125., 20., 0. ]
upperb: [ 115., 255., 255., 0. ]
