%YAML:1.0
---
homographyMatrix: !!opencv-matrix
   rows: 3
   cols: 3
   dt: d
   data: [ 3.2360653348722206, 0.31452363580495918, -1347.8396805381772,
       0.45857378872358079, -3.2870579659899111, 826.99475399776657,
       -3.0378900927761361e-06, -4.9027619912263459e-05, 1. ]
