%YAML:1.0
---
homographyMatrix: !!opencv-matrix
   rows: 3
   cols: 3
   dt: d
   data: [ 3.2272437622803625, 0.35824994257918641, -1347.8922249148675,
       0.51616230106736327, -3.3127049239788224, 817.11797579098823,
       1.5516189965492096e-05, -1.6413777738381994e-05, 1. ]
