%YAML:1.0
---
lowerb: [ 9., 180., 20., 0. ]
upperb: [ 19., 255., 255., 0. ]
