%YAML:1.0
---
lowerb: [ 5., 180., 20., 0. ]
upperb: [ 25., 255., 255., 0. ]
