%YAML:1.0
---
lowerb: [ 164., 124., 20., 0. ]
upperb: [ 179., 255., 255., 0. ]
