%YAML:1.0
---
lowerb: [ 162., 147., 20., 0. ]
upperb: [ 179., 255., 255., 0. ]
