%YAML:1.0
---
lowerb: [ 163., 139., 20., 0. ]
upperb: [ 179., 255., 255., 0. ]
