%YAML:1.0
---
lowerb: [ 48., 180., 20., 0. ]
upperb: [ 58., 255., 255., 0. ]
