%YAML:1.0
---
lowerb: [ 20., 169., 20., 0. ]
upperb: [ 30., 255., 255., 0. ]
