%YAML:1.0
---
lowerb: [ 10., 180., 20., 0. ]
upperb: [ 20., 255., 255., 0. ]
