%YAML:1.0
---
lowerb: [ 49., 180., 20., 0. ]
upperb: [ 59., 255., 255., 0. ]
